286191384 3.612095803e+00 1.572973792e+03 9.937816898e-01 8.348786473e+00 -1.350938084e-04 -1.433927110e-02 8.480271378e+01 9.630564307e-01  7315  7250 1
269852699 5.136473714e+00 1.653934920e+03 5.961793880e-01 1.245615638e+01 5.545589294e-05  -3.801408481e-02 8.555840069e+01 2.413226967e-01  6172  5507 1
153709888 4.332751554e+00 1.438632392e+03 4.204663381e-01 9.122534025e+00 -3.194855464e-06 -3.784671852e-02 8.391349175e+01 1.302010853e-01  6030  5517 1
307488184 1.006688996e+01 1.578299686e+03 3.589824894e-01 2.221136978e+01 1.459351646e-02  -4.781201134e-02 8.952630135e+01 1.402981112e-02  5610  3432 1
185980914 3.491476593e+00 1.519527166e+03 1.196132963e+00 5.442507384e+00 -4.155433516e-06 -1.146322893e-02 8.808628924e+01 1.211546076e+00  7888  7424 1
  9381557 1.180730458e+01 1.440552524e+03 2.805907493e-01 6.538111220e+00 3.186875849e-04  -1.057579569e-02 8.983483553e+01 1.829908374e-01  5540  7233 1
 80650858 1.915855413e+00 1.519084475e+03 5.576903002e-01 4.573697383e+00 -9.649285159e-06 -1.627737060e-02 8.720580023e+01 1.157148737e-01 30912 16506 1
147214032 2.487733519e+00 1.573224557e+03 1.215383595e+00 8.072954096e+00 2.002419821e-04  -1.242676180e-02 8.553354227e+01 1.480163467e+00  7632  7638 1
175405906 2.012929831e+00 1.356100281e+03 7.538306323e-01 3.456769514e+00 2.967930939e-04  -1.649253821e-02 8.162676225e+01 1.240716576e-01  8497  5180 1
391902612 4.552245917e+00 1.440604165e+03 1.291220507e+00 6.257124272e+00 6.118065325e-04  -4.974419824e-03 8.696111157e+01 3.453248566e-01  7461  4718 1
266735682 1.135241087e+00 1.386050879e+03 8.239473902e-01 3.689495588e+00 4.018457275e-05  -1.160286987e-02 7.949605331e+01 1.003062098e-01  8136  4608 1
334886280 1.199813662e+01 1.550105173e+03 8.122862798e-01 1.462679634e+01 3.844835952e-04  -3.913578342e-02 8.608600669e+01 5.618064220e-01  6682  6339 1
 66509654 5.289470149e+00 1.493886114e+03 1.408411647e+00 4.416725646e+01 -2.433070312e-05 -4.289457869e-05 8.950099076e+01 1.961908085e+00  3036  3031 1
152223725 4.436319327e+00 1.325454198e+03 7.626800531e-01 3.918844930e+00 1.512999009e-04  5.553387701e-03  8.789332410e+01 1.259267220e-01  7939  4960 1
121568625 8.465209781e+00 1.439045410e+03 6.821564257e-01 1.404588569e+01 6.722554041e-03  -8.593887044e-03 8.703928135e+01 3.731727480e-01  6379  5953 0
155540827 3.650520970e+00 1.355311566e+03 7.336155659e-01 7.558421742e+00 -4.508620552e-03 -1.357039898e-02 8.481941536e+01 5.086245507e-01  7029  6895 1
 18914916 1.128563557e+01 1.494113790e+03 4.593270571e-01 2.938917081e+01 -4.277915241e-03 -6.799418733e-02 8.862374678e+01 2.372601948e-02  5460  3390 1
 25226885 1.632084095e+00 1.325841024e+03 3.399658277e-01 4.711529003e+00 -3.407918757e-04 1.851324731e-03  8.514791609e+01 1.672986343e-02  5988  3794 1
 78568736 8.219668638e+00 1.491903414e+03 6.613733485e-01 1.992713510e+01 4.638046314e-03  -1.025957284e-02 8.956425847e+01 1.345208755e-01  5379  4105 1
332202405 4.749233943e+00 1.493828672e+03 5.354580426e-01 7.172724851e+00 -7.915154453e-05 -4.401898763e-03 8.532647383e+01 1.452070514e-01 11011  7842 1
271225404 2.119561409e+00 1.601382182e+03 1.721957934e+00 1.889990423e+01 -9.574945523e-04 3.666686002e-02  8.739833482e+01 1.154935529e+00  4275  3521 1
 33419790 2.016328992e+00 1.468611614e+03 9.827471549e-01 5.374045809e+00 -1.383254621e-04 -1.611627425e-02 8.094762074e+01 9.245528597e-01  6733  6635 1
 72121778 6.011514417e+00 1.571994627e+03 3.098275897e-01 1.353984504e+01 -1.249008043e-04 -2.559036747e-02 8.653309704e+01 1.106345706e-02  5934  3601 1
261332760 5.672673482e+00 1.492118512e+03 6.518739078e-01 1.151440099e+01 -7.169041548e-05 -1.065848381e-02 8.813996988e+01 3.661686848e-01  5775  5536 1
390554357 3.647453009e+00 1.573365589e+03 4.516950904e-01 4.239312895e+00 7.639212262e-02  -4.953601347e-04 8.617817879e+01 1.375952125e-01  9183  7755 1
292013448 4.327778387e+00 1.658336155e+03 7.841449019e-01 8.515305250e+00 -1.077989751e-06 -9.740897663e-03 8.884909646e+01 5.076320140e-01 10526  9427 1
260659986 7.140203061e+00 1.628502493e+03 8.167089192e-01 1.283812227e+01 -1.105219729e-03 -3.069915138e-02 8.558583066e+01 6.015900030e-01  6324  6121 1
460820330 5.073815738e+00 1.599996271e+03 1.132133410e+00 2.566535934e+01 1.573212983e-04  -2.319181817e-02 8.864275235e+01 8.619124248e-01  3893  3591 1
119461266 2.946210878e+00 1.469949275e+03 9.157691272e-01 6.845501563e+00 7.358684792e-05  -8.540488178e-03 8.987046005e+01 7.877930406e-01  7613  7443 1
180724703 1.122603305e+00 1.386479492e+03 6.709522060e-01 2.823859142e+00 2.268875440e-04  -2.477154694e-02 8.331039412e+01 8.898560152e-02  6971  4471 1
394585218 3.964240972e+00 1.327139430e+03 3.149786833e-01 7.572670838e+00 2.283661044e-04  -2.906483988e-02 8.425886912e+01 1.224885969e-02  5949  3657 1
410245402 3.000564097e+00 1.517796537e+03 3.963997284e-01 6.888478863e+00 7.248093359e-05  -5.256054847e-03 8.752673635e+01 2.688308352e-02  6015  3940 0
149319411 4.752139237e+00 1.520956812e+03 7.633021943e-01 8.385077143e+00 1.113032390e-04  -2.179061026e-02 8.376686268e+01 4.966532723e-01 49996 42801 1
 33715938 2.878593257e+00 1.573124097e+03 7.427627637e-01 7.204841335e+00 -9.314692555e-05 -1.425751117e-02 8.704518832e+01 5.670900781e-01  6667  6729 1
418720347 1.803848721e+00 1.654384738e+03 5.932528086e-01 5.861884846e+00 -1.511343932e-04 -1.956223644e-02 8.175874186e+01 1.547276903e-01  5854  4732 1
 63818344 1.577228759e+00 1.386003787e+03 3.220345810e-01 3.784390039e+00 3.093561067e-04  -1.693748781e-02 8.694232937e+01 1.476018164e-02  7319  4296 1
455509774 3.903413352e+00 1.626637510e+03 4.384577638e-01 3.200537956e+00 5.868641397e-02  -4.036166779e-02 7.682160820e+01 1.367762296e-01 31184 25761 1
100917608 4.123861374e+00 1.388325193e+03 1.221851140e+00 9.230511858e+00 3.920890321e-05  -7.079782999e-03 8.800784234e+01 1.455375941e+00  7823  7749 1
 48227288 2.896514380e+00 1.602380780e+03 3.746752851e-01 6.788770527e+00 -6.425827513e-04 -3.070659083e-02 8.448142958e+01 1.817558221e-02  6873  4052 1
200440175 3.651419394e+00 1.413271395e+03 1.089369237e+00 7.623027369e+00 -4.015120860e-05 -1.510318145e-02 8.843197022e+01 1.159099168e+00  7780  7713 1
165186801 1.049450817e+00 1.438165821e+03 1.124259073e+00 3.925601536e+00 -4.122401986e-06 -5.160292664e-03 8.759361263e+01 2.326122607e-01  7891  4756 1
 31796120 1.994180816e+00 1.354825405e+03 7.220161736e-01 5.263235549e+00 5.942624125e-06  -1.424361286e-02 8.203658290e+01 4.548862460e-01  6526  6246 1
 63192395 3.064975172e+00 1.493330175e+03 6.654338030e-01 4.957612870e+00 -5.927903684e-04 -2.449144310e-02 8.552430355e+01 4.340774533e-01  6522  6480 1
 30313682 5.727366726e+00 1.473080986e+03 3.942547434e-01 7.960354140e+00 -1.329738600e-05 -3.649045366e-03 8.735226344e+01 1.256848531e-01  6303  5903 1
160328766 1.031873586e+01 1.470032924e+03 6.483761977e-01 1.837215271e+01 4.303525798e-01  -3.266811858e-01 8.977723990e+01 1.829033341e-01  7605  5785 1
410354930 2.600153475e+00 1.326371890e+03 1.104100133e+00 4.204409740e+00 -2.122982503e-06 -2.728083740e-03 8.415224516e+01 1.862147137e-01  9721  5067 1
286310830 8.368786501e+00 1.545835948e+03 8.006854793e-01 8.514732230e+00 1.135363559e-01  8.700156368e-02  8.844628999e+01 6.393171892e-01  8008  7999 1
160036449 1.893183024e+00 1.326834123e+03 6.663726955e-01 4.146295135e+00 2.302745961e-04  -2.899319457e-02 8.643252038e+01 7.012139806e-02  7747  4544 1
401926767 1.360075975e+01 1.442270584e+03 9.791087868e-01 3.940200390e+01 3.484783701e-01  -1.566916131e-01 8.999693699e+01 8.507548882e-01  4249  4143 1
219238496 6.505355252e+00 1.417301165e+03 5.862172794e-01 1.212319429e+01 3.971143656e-02  -1.887149247e-02 8.807921231e+01 9.771278988e-02 10358  6215 1
404477044 7.103495689e+00 1.412749411e+03 7.669624224e-01 1.164854557e+01 -8.173876338e-04 -2.767778260e-02 8.586776383e+01 5.467308332e-01  6110  5974 0
157751050 2.579388883e+00 1.468326212e+03 7.220101597e-01 8.360492688e+00 -3.544694097e-04 -6.235128050e-03 8.353413242e+01 2.731591042e-01  3432  3062 1
214716930 8.525513953e+00 1.625603966e+03 1.178488316e+00 1.744213691e+01 -2.570104613e-07 -1.405951876e-03 8.939152396e+01 1.000964476e+00 10680  8906 1
167304040 5.819125623e+00 1.601570890e+03 8.019523581e-01 7.734072504e+00 -1.049843121e-01 7.615912664e-02  8.311704596e+01 7.448559555e-01  6836  7189 1
425549135 5.020568789e+00 1.657975938e+03 3.313244763e-01 7.396367308e+00 8.181919605e-02  1.479300796e-01  8.336688808e+01 1.317788587e-01  6091  6454 0
261136311 8.870531732e+00 1.631163571e+03 8.801206489e-01 1.213728325e+01 -1.847488198e-03 -1.702618604e-03 8.959587259e+01 8.025970715e-01  5813  5875 1
 30122338 7.039817585e+00 1.549266736e+03 5.809192217e-01 1.008678781e+01 1.251862349e-04  -8.507141646e-04 8.817717450e+01 3.510800365e-01  6561  6648 1
374366829 5.623332728e+00 1.549066193e+03 5.066718605e-01 1.400985957e+01 -1.561467699e-02 -1.365445994e-01 8.604459578e+01 2.499579893e-02  6077  3539 0
178857934 1.426600292e+00 1.438670516e+03 5.474368962e-01 4.112127797e+00 5.561830383e-04  -5.180624554e-03 8.405190024e+01 1.590311177e-01  5953  5013 1
 74528791 1.802049778e+00 1.518096530e+03 7.602833663e-01 4.668776921e+00 9.237309391e-02  -6.020694646e-02 8.992902241e+01 4.167420248e-01 10816  8998 1
409319605 1.135964464e+00 1.492155743e+03 6.644865450e-01 3.182742855e+00 -4.064364784e-04 -5.387283880e-03 8.145321309e+01 1.126769118e-01  7136  4807 1
 69888530 1.034997559e+01 1.360062380e+03 1.064992578e+00 1.101906909e+01 2.485039432e-02  -4.025156576e-02 8.521775367e+01 7.253336496e-01  6813  5906 1
294059372 6.667450136e-01 1.654429209e+03 2.509139680e-01 2.537462101e+00 -5.089069054e-04 -8.105371016e-02 7.502353603e+01 8.924943876e-03  6393  3945 0
179295564 7.336659966e+00 1.551535766e+03 3.902373829e-01 1.414252042e+01 -5.147383098e-06 -3.604794491e-03 8.869990899e+01 1.723206002e-02  5743  3512 0
308184924 4.128438700e+00 1.602076301e+03 5.116046205e-01 9.791491694e+00 -2.019815101e-01 -1.625393832e-01 8.788727393e+01 5.770750684e-02  6817  4513 1
333127661 7.897965979e+00 1.576267788e+03 5.198827046e-01 1.022879567e+01 6.001540106e-02  1.595045106e-03  8.755433859e+01 2.385592049e-01  6404  6155 1
  5981829 1.799068958e+00 1.571120842e+03 2.792254368e-01 3.446691087e+00 -1.322806317e-04 -3.484154408e-02 8.203345662e+01 1.565634341e-02  6166  4145 0
262412046 2.043426938e+00 1.438395938e+03 1.292172310e+00 4.379189945e+00 -1.151692775e-06 1.952915354e-06  8.487528726e+01 2.617821661e-01  8499  4782 1
300654002 2.758141572e+00 1.438455489e+03 7.886959570e-01 3.421488364e+00 2.504059644e-05  -2.103776764e-02 8.993298076e+01 1.053095113e-01  7348  4468 1
270166263 1.531314701e+01 1.332506085e+03 4.940860331e-01 4.264731397e+01 2.480414366e-01  -2.236522518e-01 8.889587469e+01 1.238430334e-02  4977  2798 1
 33862174 1.414530246e+00 1.326079052e+03 7.227341132e-01 3.165018084e+00 9.048445742e-04  -1.469602979e-02 8.247426950e+01 1.333146207e-01  6812  4661 1
415434817 1.662157072e+00 1.518389108e+03 9.954728555e-01 4.309600294e+00 -2.889385798e-05 -1.625808995e-02 8.519667459e+01 1.006001909e+00  6447  6478 0
144539611 3.981055072e+00 1.412191686e+03 9.652373938e-01 1.746168734e+01 -8.842988905e-05 -1.540182329e-02 8.730036270e+01 6.964793162e-01  4496  4227 1
168674931 9.013815257e-01 1.438496275e+03 6.162555818e-01 2.885237585e+00 -2.336351068e-04 7.055972642e-03  8.064467875e+01 1.268950121e-01  7241  5185 1
278683641 4.241829660e+00 1.519921280e+03 3.629373863e-01 8.339112522e+00 4.563680883e-05  4.436185894e-03  8.633731957e+01 1.487363131e-02  6310  3732 1
 54001270 2.349199509e+00 1.326675315e+03 1.064144239e+00 3.721663171e+00 -1.359001719e-05 2.750199429e-02  8.903886958e+01 1.460550324e-01  8421  4554 1
103683084 3.057036886e+00 1.571098394e+03 9.402962918e-01 1.493133831e+01 1.232147483e-04  -1.941453044e-02 8.736661133e+01 4.584081902e-01  4204  3667 1
300903537 5.823166435e+00 1.326646232e+03 2.765313125e-01 1.638697970e+01 -1.757815526e-04 2.628641816e-02  8.992494411e+01 1.152531227e-02  4849  3280 1
150361911 2.493851940e+00 1.600407848e+03 7.005664551e-01 6.862254605e+00 2.528948275e-06  -1.935530079e-02 8.399439613e+01 4.487091152e-01  6287  6113 1
349480507 3.124039769e+00 1.492979683e+03 7.732267482e-01 6.151323030e+00 1.450453126e-05  -1.391499898e-02 8.710723556e+01 6.241315962e-01  6448  6539 0
464422047 2.748402928e+00 1.656150256e+03 3.953950941e-01 5.513572104e+00 7.434225387e-04  -2.457968914e-02 8.479618339e+01 3.240437286e-02  8324  5052 1
384742846 6.356921122e+00 1.656064193e+03 4.252618772e-01 1.233544297e+01 -5.360686467e-03 1.068030610e-03  8.851607071e+01 2.703321078e-02  6607  4075 1
 55489734 1.301723433e+01 1.500818166e+03 5.645134302e-01 1.103506073e+01 2.854583685e-01  5.494240401e-02  8.659591677e+01 2.332719017e-01  8000  7147 1
139841210 1.489003774e+00 1.325581856e+03 7.412307329e-01 5.919300302e+00 4.796626598e-05  -2.907064879e-02 8.040170794e+01 3.729654418e-01  5637  5088 1
318868368 3.690800544e+00 1.412038680e+03 8.679430567e-01 8.506101777e+00 -1.157523154e-05 -1.008505902e-02 8.927543879e+01 7.964534934e-01  6374  6490 0
231973885 2.894888875e+00 1.439962752e+03 1.206885845e+00 4.696237179e+00 1.566189090e-03  -5.023842863e-03 8.714217393e+01 2.067963587e-01  8250  4602 1
124199788 4.704312335e+00 1.493213780e+03 4.590831269e-01 2.958209454e+01 -6.547250143e-06 -8.845874439e-02 8.814396742e+01 9.851885497e-02  3112  2764 1
158713903 3.594280301e+00 1.571598671e+03 8.800943524e-01 6.087313916e+00 -1.067934256e-01 -7.101091701e-03 8.998837904e+01 8.247113053e-01  6213  6338 1
424992973 6.925399737e+00 1.442114998e+03 5.705352447e-01 2.030936550e+01 9.758028991e-06  -5.567245071e-03 8.930200223e+01 5.345662411e-02  5171  3501 0
 79565128 1.623149397e+00 1.386579975e+03 7.726557136e-01 3.641592422e+00 -1.713850242e-04 -2.956500730e-02 7.493510526e+01 3.897239294e-01  5353  4816 0
408351795 3.675961853e+00 1.520459304e+03 4.164286864e-01 7.101825041e+00 -3.797943247e-05 -1.079952328e-06 8.566826543e+01 4.658202244e-02  6288  4467 1
149629043 2.188109007e+00 1.600462829e+03 1.276258903e+00 9.505680769e+00 2.118625268e-05  -6.445497726e-03 8.763658235e+01 1.557897704e+00  6465  6372 1
144804862 2.384178612e+00 1.519616467e+03 2.165169400e-01 2.883010292e+00 -1.284099506e-03 -5.072182252e-02 8.269911314e+01 7.346123036e-03  9394  5032 0
 22079739 1.372460576e+00 1.545348592e+03 4.969978810e-01 8.725824208e+00 1.992812706e-03  -1.152758549e-01 8.443453105e+01 8.948463585e-02  3753  3105 0
301247295 8.507015440e+00 1.633298151e+03 7.140728365e-01 1.096801489e+01 -5.439664647e-03 -3.739893529e-02 8.500541975e+01 4.061601046e-01  5933  5555 0
310308203 2.694231387e+00 1.438568263e+03 6.166320855e-01 3.244963367e+00 2.623959679e-03  -4.344808767e-02 8.422968309e+01 8.072162377e-02  6981  4546 1
206468815 7.370450782e+00 1.391855601e+03 3.660220845e-01 1.315661366e+01 -2.342157067e-05 -5.682759395e-05 8.688400143e+01 2.112760096e-02  5872  3810 1
 67719432 1.001682809e+00 1.438361646e+03 7.759657295e-01 5.143685274e+00 5.179676151e-04  -1.698616037e-02 8.561982918e+01 4.573745963e-01  5149  4817 1
 49418981 2.567817986e+00 1.546748468e+03 2.431960726e-01 4.013867252e+00 1.742407636e-03  2.553099077e-01  7.625888133e+01 1.784240793e-01  5534  7938 1
 60979860 4.774075225e+00 1.517598935e+03 9.568601008e-01 1.108117417e+01 -1.846596923e-05 -2.638258012e-02 8.570178719e+01 8.527736000e-01  5853  5733 1
397048159 1.605488277e+00 1.438515702e+03 6.825494801e-01 3.684747900e+00 -3.519253066e-05 -2.875208756e-02 7.839437741e+01 1.189119436e-01  7271  4869 1
178858648 8.946542320e+00 1.440487590e+03 8.904281681e-01 1.195893397e+01 -9.693438362e-03 -2.959355989e-02 8.534870149e+01 7.043163442e-01  8106  7750 1
318573150 5.740089296e+00 1.492279017e+03 4.930744342e-01 9.188912223e+00 -6.188546011e-05 -6.558945921e-03 8.999207717e+01 1.838762220e-01  5882  5433 1
279217728 8.730540724e+00 1.656254007e+03 2.456006697e-01 9.702269947e+00 -1.168614678e-02 -1.358721988e-01 8.861383046e+01 1.245470377e-02  5568  3878 1
273697554 1.187770178e+01 1.659656499e+03 8.452829104e-01 1.355955297e+01 2.272977392e-01  2.877502205e-01  8.585842876e+01 7.274514860e-01  6487  6526 1
437241830 9.442692518e-01 1.545018684e+03 3.994073860e-01 3.204405099e+00 5.323746367e-05  -3.776215528e-02 8.989588879e+01 2.592534246e-02  6533  4118 1
370678161 7.555523541e+00 1.625294193e+03 5.386400267e-01 9.154129615e+00 1.386554103e-02  -2.375802637e-02 8.632729172e+01 2.780670017e-01  6077  5997 1
253928535 2.249272795e+00 1.327382555e+03 1.208415966e+00 1.248079885e+01 2.208007198e-06  -2.647502382e-02 8.552621012e+01 1.240782053e+00  4759  4588 1
179238861 1.165449152e+00 1.545226493e+03 3.895325400e-01 3.620093919e+00 5.009920235e-05  -5.702376960e-02 8.197343910e+01 5.020905674e-02  5891  4464 0
 32150630 1.492037199e+00 1.492828057e+03 3.961003372e-01 6.520524627e+00 4.007059054e-04  6.325176009e-02  8.410183482e+01 3.427106173e-02  4323  3195 0
 54018297 1.939761064e+00 1.386049003e+03 9.467700551e-01 3.855483975e+00 -3.818224985e-04 -5.577732037e-03 8.298492266e+01 1.678532966e-01  7064  4456 1
 29847695 4.998361329e+00 1.387976072e+03 2.746579099e-01 9.504421577e+00 -1.104368491e-01 -1.560960918e-01 8.645140988e+01 1.227884420e-02  6130  3950 1
116417661 2.277669834e+00 1.354566124e+03 3.679173433e-01 6.002038867e+00 2.582759365e-03  -6.409433573e-03 8.838357403e+01 2.024042607e-02  6213  3916 1
  4742129 2.071990732e+00 1.410981704e+03 8.585001672e-01 9.846513799e+00 -1.445180087e-06 -2.357346837e-02 8.884356091e+01 6.038007081e-01  4378  4197 1
 10756751 3.488511818e+00 1.387998254e+03 5.427046145e-01 3.473290118e+00 4.709802943e-04  -1.052049536e-02 8.182247676e+01 6.371370344e-02  6853  4509 1
 31303242 7.056726677e+00 1.441235424e+03 7.119859896e-01 1.188233738e+01 -1.794052024e-02 -5.177838211e-03 8.905480859e+01 5.151448618e-01  6030  6060 1
 41561453 1.513760930e+00 1.625170495e+03 7.438998781e-01 3.185308030e+00 -3.217435141e-04 -4.453106865e-02 8.796063309e+01 1.613310028e-01  7244  5013 0
419744996 7.004976220e+00 1.656912042e+03 3.931145023e-01 6.238455399e+00 -1.093436555e-01 1.571079606e-01  8.448120590e+01 1.811037972e-01  7531  7985 1
301407485 2.664128448e+00 1.411189697e+03 9.991350590e-01 5.625682103e+00 3.824393387e-04  1.117458247e-02  8.116993988e+01 2.368898373e-01  8883  5430 1
234494090 1.945241643e+00 1.355044848e+03 6.427939696e-01 1.262808983e+01 -3.769511326e-04 -1.853974602e-02 8.641806651e+01 3.454314921e-01  4751  4564 1
219998089 6.202124224e+00 1.390654352e+03 4.857989348e-01 9.575365687e+00 1.328049245e-02  -1.341403045e-02 8.735968961e+01 1.679778997e-01  6255  5648 0
 35481236 1.843433598e+00 1.493191012e+03 7.321954705e-01 5.181323776e+00 9.870592490e-02  7.095886664e-02  8.539562857e+01 5.350312288e-01  8396  8388 1
383427491 5.800471552e+00 1.656611104e+03 3.754711958e-01 6.844841944e+00 1.236716642e-04  -4.159937734e-03 8.669881096e+01 1.249880897e-01  6452  6208 0
401606923 1.391721028e+01 1.664441409e+03 4.562243234e-01 2.685437008e+01 2.930668778e-01  -3.986849421e-01 8.868893978e+01 3.297873172e-02  6702  4163 0
287669537 1.295078271e+00 1.600688474e+03 3.314731891e-01 3.845782043e+00 6.776533580e-05  -4.189290336e-02 8.949603835e+01 9.115484894e-03  7440  3873 1
  9380768 1.622227015e+00 1.439530791e+03 8.678181644e-01 7.797598983e+00 4.983688945e-07  -2.272101903e-02 8.519715859e+01 6.798054208e-01  5016  4895 1
 98853987 2.728381597e+00 1.412754706e+03 6.838894841e-01 5.544717768e+00 4.882242885e-03  -9.451420109e-03 8.664352180e+01 4.448512541e-01  7019  6900 1
181341926 1.005444439e+00 1.658065886e+03 7.138562629e-01 3.087179042e+00 -3.600375460e-04 -1.189305558e-02 8.308642096e+01 1.106807223e-01  6374  4308 1
306272819 2.546086341e+00 1.625049576e+03 8.168719911e-01 7.858476311e+00 1.754196476e-04  -1.495752316e-02 8.946158296e+01 6.736886984e-01  6043  6061 1
 44890224 1.043040753e+01 1.438790251e+03 4.423675838e-01 3.329302128e+01 -2.343591643e-01 2.511197827e-01  8.940281609e+01 6.237942722e-02  3963  3177 1
260502102 7.315204560e+00 1.468407099e+03 7.564902686e-01 2.282618337e+01 2.766596605e-01  -1.122952312e-01 8.757676075e+01 3.930793172e-01  5077  4648 1
339566276 4.240363444e+00 1.631325766e+03 3.850814108e-01 3.223373811e+00 -7.724162432e-02 -3.819319973e-02 8.833313100e+01 1.064057556e-01 31291 26008 1
269078565 2.455478821e+00 1.438107904e+03 1.220599697e+00 5.170013169e+00 -2.150446883e-06 -2.196184449e-02 8.451197998e+01 1.750293662e-01  8959  4597 1
425077106 2.232256902e+00 1.411883017e+03 1.033847923e+00 4.889914227e+00 -1.899219465e-04 -1.468785914e-02 7.905276547e+01 1.049226017e+00  6259  6222 1
276315375 2.048696817e+00 1.658115130e+03 3.401966683e-01 5.408844228e+00 1.286227974e-05  7.499415572e-05  8.569419834e+01 8.765956834e-03  7253  3744 1
 91369561 3.984408375e+00 1.328379403e+03 6.988964126e-01 4.147453248e+00 4.358136804e-04  -1.689929419e-02 8.866480697e+01 7.983297544e-02  6972  4295 1
402918060 2.562322455e+00 1.626272988e+03 4.616629087e-01 5.956920079e+00 1.043150176e-04  6.785925243e-03  8.101683224e+01 1.479940885e-01  3126  2946 1
 77158150 2.486970396e+00 1.438039319e+03 6.529711482e-01 6.127689723e+00 1.629361025e-05  -1.557021970e-02 8.219474504e+01 2.829439215e-01  7971  6889 1
300324638 2.641389022e+00 1.627528129e+03 8.067525765e-01 7.160317679e+00 5.311990681e-06  -8.056646230e-03 8.850047139e+01 6.223414857e-01  6459  6367 1
142742998 3.096200871e+00 1.520000424e+03 8.318553145e-01 1.104129590e+01 -1.913974976e-05 -1.290467228e-02 8.804771356e+01 6.541920561e-01  5547  5462 0
301405723 9.426784846e-01 1.411208081e+03 6.389888343e-01 2.823879738e+00 4.341416109e-05  1.026620495e-02  8.346538525e+01 7.311663285e-02  8300  4870 1
231822771 2.014803879e+00 1.492838474e+03 8.876547270e-01 7.491901240e+00 7.042113070e-06  -9.026440786e-03 8.883754264e+01 8.025485262e-01  5518  5547 1
 67688552 1.462184813e+00 1.438749088e+03 5.329385739e-01 5.309548413e+00 5.131035983e-04  -4.000185096e-02 8.096385038e+01 5.663414577e-02  5954  4040 1
442829369 3.863129180e+00 1.631274813e+03 5.242395882e-01 7.443028479e+00 -1.180608608e-05 -3.038093509e-02 8.616340079e+01 1.855649028e-01  5984  5354 1
349832824 1.040730420e+00 1.517426808e+03 5.022680904e-01 3.968328218e+00 -1.134633918e-05 -1.619294032e-02 7.839866588e+01 5.568373275e-02  6180  4235 0
250196734 7.703971718e+00 1.447576178e+03 8.904338978e-01 2.900683953e+01 2.650330478e-01  2.584594284e-02  8.982878321e+01 6.834373067e-01  3962  3841 0
219984354 1.238196469e+00 1.386566103e+03 7.840561622e-01 3.832945535e+00 1.700345214e-03  -1.852322075e-02 8.485707710e+01 1.238257547e-01  5925  4035 1
365694569 9.035092998e+00 1.474453241e+03 6.797476937e-01 1.655668017e+01 4.942032137e-03  -1.159576770e-02 8.872990241e+01 3.977213947e-01  5760  5520 1
259589049 9.968212856e+00 1.441974124e+03 7.328828432e-01 1.727281388e+01 -1.574785584e-06 -1.903197484e-02 8.767300784e+01 5.036292204e-01  5708  5604 0
139699256 5.948443989e+00 1.331217711e+03 9.111759125e-01 7.039451343e+00 4.443054610e-02  2.672610926e-02  8.999182286e+01 8.657831990e-01  7023  7125 0
 10838695 2.306120300e+00 1.386671471e+03 5.933201464e-01 4.417483066e+00 2.057323310e-04  -5.849420165e-02 8.532634000e+01 3.458670005e-02  7997  4182 1
464838153 3.872899757e+00 1.471728289e+03 6.900115919e-01 6.961574209e+00 -1.095312350e-03 -3.932851701e-02 8.415695885e+01 3.692309852e-01  5521  5164 0
363933313 4.686651820e+00 1.625517601e+03 3.600470753e-01 8.435999343e+00 -3.260168043e-02 3.436018128e-01  8.368288931e+01 1.091451995e-01  5428  5188 0
265614546 5.137122725e+00 1.468864044e+03 4.380169306e-01 1.461161098e+01 5.209706792e-02  -2.341015223e-01 8.650528521e+01 3.023610759e-02  3679  2692 1
404156386 2.344479683e+00 1.659345087e+03 1.011584026e+00 1.367285056e+01 -1.567408897e-07 -1.041940564e-02 8.934874320e+01 8.893736489e-01  3897  3785 1
207080350 9.110596094e+00 1.332779502e+03 7.621702937e-01 1.653229315e+01 2.918137115e-01  1.141051940e-01  8.808245382e+01 5.424764174e-01  6758  6606 1
 55652785 1.694141287e+00 1.519026470e+03 3.120514649e-01 3.368007126e+00 2.227752846e-04  -2.411845742e-02 7.870721299e+01 3.439801992e-02  6282  4745 1
325205605 4.248350950e+00 1.328664544e+03 2.935690122e-01 7.450218397e+00 1.616698819e-04  -5.701947444e-02 8.694551126e+01 9.764974686e-03  5488  3407 1
219373406 8.618960420e-01 1.438346308e+03 8.865329456e-01 2.945383029e+00 -9.670426126e-05 3.736695801e-02  8.455208126e+01 2.032309331e-01  8517  5422 1
142677613 6.182657708e+00 1.496441329e+03 3.910784003e-01 1.049399738e+01 -1.760901837e-02 3.581145297e-02  8.929134536e+01 2.133589407e-02  8500  4657 1
 38699825 2.084650264e+00 1.410975986e+03 1.504140165e+00 5.482588360e+00 -2.016340859e-05 -1.073288439e-02 8.237388501e+01 1.921510659e+00  6762  6395 0
 24133365 7.068968586e+00 1.635818167e+03 2.738929592e-01 7.619834028e+00 -1.965890736e-01 4.491590213e-02  8.626762658e+01 2.240785952e-02  6870  4861 1
 80556181 2.819471123e+00 1.493779739e+03 6.501862408e-01 6.350501901e+00 7.459361021e-07  -4.415433859e-03 8.796379898e+01 3.248112386e-01  6363  5865 1
147131974 8.016903005e-01 1.325718569e+03 6.144305448e-01 2.979700848e+00 3.175515606e-03  -3.077281932e-02 7.697403630e+01 8.274002590e-02  6357  4309 0
281494100 2.307411915e+00 1.544395656e+03 8.915715337e-01 7.937297150e+00 1.395147801e-04  -1.217997553e-03 8.613769431e+01 3.624788041e-01  6719  5310 1
441406061 3.018207136e+00 1.326180798e+03 7.332759251e-01 3.755436700e+00 -6.329757313e-04 -2.003077345e-02 7.610846667e+01 4.816373766e-01  8251  7903 1
374859582 1.304965461e+00 1.625212435e+03 9.280392213e-01 4.451957819e+00 1.696632392e-04  -8.116863673e-03 8.998197709e+01 8.832737448e-01  6379  6431 1
278706358 6.902222730e+00 1.331340248e+03 6.775070497e-01 1.588646921e+01 4.257584752e-03  -2.312731575e-02 8.869289118e+01 3.144388490e-01  5549  5029 1
301022235 1.872322569e+00 1.412454750e+03 5.617632225e-01 3.114684653e+00 -3.271410495e-05 -5.114194580e-03 7.969020832e+01 5.999083984e-02  8834  5111 1
 44623916 9.447211292e-01 1.326187852e+03 5.555363084e-01 2.550252362e+00 7.831423444e-04  1.392341702e-02  8.831486196e+01 5.747810619e-02  6687  4301 1
 32759110 4.076990542e+00 1.469606855e+03 6.511693457e-01 2.903525166e+01 4.512378824e-05  -2.623195283e-02 8.823474493e+01 3.262496619e-01  3002  2883 1
421285598 2.358096152e+00 1.626234054e+03 5.687084271e-01 8.089398431e+00 -3.479226393e-04 -2.758984297e-02 8.348375008e+01 1.442808299e-01  5980  4828 1
218795833 2.530439419e+00 1.493143002e+03 3.763861419e-01 2.139887595e+01 -1.715639963e-04 -2.704131605e-02 8.980574209e+01 1.585086394e-01  3324  3393 0
231809798 9.056744812e-01 1.469105900e+03 4.158041591e-01 7.421318555e+00 -6.582172774e-05 -1.996863671e-02 8.612987339e+01 9.311030957e-02  3508  3135 1
369370898 1.710436344e+00 1.410992468e+03 6.312875774e-01 7.249751077e+00 -6.782113534e-05 -4.982576005e-02 8.765925482e+01 1.256992338e-01  5498  4199 1
169168102 2.499584684e+00 1.493919831e+03 5.638106630e-01 5.747015738e+00 1.269621300e-04  -2.353406144e-02 8.136633135e+01 1.265068174e-01  6394  4942 1
415528958 1.104173290e+01 1.519078943e+03 1.081803714e+00 2.062535096e+01 6.010192396e-01  1.207331869e-01  8.758916678e+01 1.138273952e+00  5728  5683 1
386431674 8.744467827e+00 1.520457670e+03 8.060786671e-01 1.727759338e+01 -2.072224190e-01 2.169893155e-01  8.882159777e+01 6.506045339e-01  6428  6431 1
149573659 4.373698404e+00 1.517462035e+03 4.210539871e-01 1.354786755e+01 -4.728599746e-04 -7.691183761e-02 8.668388901e+01 2.035002969e-02  5108  3247 1
231921891 1.699284002e+00 1.438934072e+03 1.141224047e+00 6.939087638e+00 7.578645766e-04  -2.219590126e-02 8.284444016e+01 1.191725917e+00  5486  5357 1
144462697 1.233981103e+00 1.325663272e+03 6.615028362e-01 3.589929348e+00 2.117414922e-03  -3.276870775e-02 8.518671033e+01 7.640168141e-02  7194  4440 1
451211626 2.452641518e+00 1.601639976e+03 1.596616894e+00 2.164806163e+01 2.952496028e-04  1.259005149e-02  8.844009120e+01 1.454812967e+00  4157  3698 1
 89018905 3.142911275e+00 1.327117983e+03 6.330572148e-01 8.465323717e+00 -1.081875890e-05 -9.976508467e-03 8.702678399e+01 2.426862800e-01  5667  4969 1
144695651 5.297690352e+00 1.473306203e+03 7.508696810e-01 1.041711094e+01 1.378403176e-03  -8.919739373e-03 8.896659440e+01 5.240600183e-01  6879  6712 1
148544875 3.488073101e+00 1.547725966e+03 7.653646922e-01 2.659006052e+01 -2.348320042e-04 -1.148875654e-02 8.845399871e+01 5.326547950e-01  3181  3131 1
468958384 1.535114806e+00 1.491810110e+03 8.037336941e-01 4.656476273e+00 4.339213707e-04  -1.840247864e-02 8.446564126e+01 6.520628580e-01  3478  3484 0
 30993392 5.794352899e+00 1.600074273e+03 1.064678770e+00 1.665634540e+01 7.510867887e-07  -1.814707572e-02 8.711823951e+01 1.086717867e+00  5557  5492 1
215403644 2.196355216e+00 1.412126446e+03 4.662070156e-01 3.516802092e+00 1.809630520e-04  -8.323114356e-02 7.954574955e+01 1.864557836e-02  8084  4088 1
 78151317 1.439125475e+00 1.518457886e+03 8.003355086e-01 5.294157669e+00 4.615826603e-04  -1.801757160e-02 8.559145065e+01 6.305028643e-01  5580  5555 1
160085375 1.402939793e+00 1.354379886e+03 5.493756222e-01 3.682617256e+00 1.356738640e-03  -1.890968552e-02 8.308051505e+01 5.850250795e-02  6594  4299 1
   737546 3.067681085e+00 1.438135568e+03 5.550634387e-01 3.464042082e+00 -5.753659944e-06 -2.196208485e-02 8.192996214e+01 5.870373790e-02  6999  4448 1
315120782 9.337658623e-01 1.545227735e+03 8.537746573e-01 8.174693461e+00 1.570861428e-05  -1.095714030e-02 8.786917589e+01 7.298980925e-01  3229  3230 1
219699532 1.081132158e+00 1.571468566e+03 2.489533540e-01 2.833047720e+00 -3.820609719e-04 -4.637451443e-02 7.987904214e+01 8.414903917e-03  6120  3799 1
 75969405 4.610419179e+00 1.601875839e+03 9.797942710e-01 9.554513870e+00 -3.387056790e-01 1.953948558e-01  8.752245745e+01 8.842065143e-01  9876  9430 1
283677584 1.859294209e+00 1.438244504e+03 3.214123082e-01 3.843963477e+00 -2.276800575e-04 -8.890348086e-03 8.944040671e+01 2.397577739e-02  6045  4216 1
269762258 1.324626420e+00 1.325741164e+03 6.186874388e-01 9.537295754e+00 -5.396263764e-04 -4.779603938e-02 8.413595794e+01 2.776201558e-01  3358  3170 0
 18915591 6.985714654e+00 1.492784818e+03 7.508239310e-01 7.821944487e+00 -5.955320339e-07 -1.588325207e-02 8.425768706e+01 5.258305247e-01  8223  8000 1
309434176 3.818814632e+00 1.627479650e+03 4.629848978e-01 8.181239331e+00 -3.177305045e-04 4.735310429e-03  8.776514234e+01 4.459994965e-02  8374  5075 1
 33665328 2.053976261e+00 1.387075989e+03 3.182031427e-01 6.483870906e+00 1.223682920e-04  -8.959541794e-03 8.908939983e+01 8.400858674e-03  6300  3508 1
293151358 2.312974506e+00 1.654420786e+03 7.594397302e-01 3.713430762e+00 6.861144323e-04  -3.723857710e-02 8.992146573e+01 1.164823048e-01 11020  5782 1
423279462 3.072874448e+00 1.517734047e+03 8.884515695e-01 9.743493251e+00 2.278344397e-04  -1.884850492e-02 8.632677095e+01 5.043659382e-01  6109  5371 1
 77030554 1.028771462e+01 1.355894246e+03 2.845147047e-01 8.806777612e+00 -1.750635684e-01 4.129072381e-02  8.531796554e+01 6.172206923e-02  5847  5416 0
139825840 7.688379934e+00 1.328519012e+03 2.245614069e-01 4.999107595e+00 1.832659379e-03  -4.964955461e-02 8.305145514e+01 3.665574833e-02  5892  5385 1
198011271 1.933528189e+00 1.410935816e+03 9.897197572e-01 8.349734763e+00 -9.866608504e-05 -7.046622866e-03 8.644246762e+01 6.623365495e-01  6431  5704 1
141685465 7.807526760e+00 1.548925796e+03 4.621989266e-01 1.452414226e+01 -3.744088524e-03 2.022147153e-03  8.905621485e+01 5.814243951e-02  5532  4089 1
129116176 2.017271496e+00 1.600038767e+03 3.303832816e-01 5.088629637e+00 3.970166252e-05  -2.517721601e-02 8.297739298e+01 1.632037426e-02  5191  3450 1
139128537 1.578052270e+00 1.326731755e+03 5.356784210e-01 8.107481458e+00 5.996956483e-04  -1.157206977e-02 8.808578520e+01 8.062931035e-02  4632  3551 1
197908268 1.826309807e+00 1.386733891e+03 8.842560892e-01 4.327252471e+00 3.294760888e-05  -1.740307035e-02 7.834027756e+01 7.504432858e-01  6461  6376 1
 42828781 2.943030520e+00 1.470391603e+03 8.066525801e-01 4.493364246e+00 -9.452286769e-06 -2.626283543e-02 8.999404945e+01 6.133790887e-01  6848  6713 1
302457456 9.751817302e-01 1.411805118e+03 7.303717390e-01 3.032753872e+00 -1.674448114e-04 1.058967912e-02  8.361605640e+01 1.103765690e-01  7094  4567 1
 32449963 6.520560012e+00 1.574695054e+03 5.856729918e-01 1.603007065e+01 3.822406533e-02  1.029048563e-01  8.802960318e+01 7.690621457e-02  5839  4085 1
 24972851 4.021888310e+00 1.547610475e+03 7.486463084e-01 8.666213482e+00 -1.423634150e-01 1.596669502e-01  8.544133916e+01 4.950155524e-01  6907  6624 1
  5092088 1.012492766e+01 1.552989147e+03 6.181343550e-01 1.569341887e+01 1.126045268e-04  -4.428589455e-03 8.997725727e+01 2.215499961e-01  7135  5972 1
204497617 1.589163456e+00 1.325946690e+03 4.390420893e-01 5.271045010e+00 8.183714898e-04  -5.882629605e-03 8.817738995e+01 2.690290187e-02  6827  4100 1
359618989 1.874624899e+00 1.601564600e+03 8.904007721e-01 3.323105812e+00 1.013395435e-04  -1.589013985e-02 8.779295026e+01 3.788279171e-01 30759 19564 1
278826996 1.916865759e+01 1.487570715e+03 6.523083309e-01 2.871958799e+01 -4.457100693e-01 -2.651175097e-02 8.918686862e+01 3.152594671e-01  5800  5336 0
181043970 8.709189502e-01 1.325822650e+03 9.255102385e-01 3.225270001e+00 -1.380079146e-06 1.241859660e-02  8.881456924e+01 1.867218918e-01 10379  5741 1
306107122 7.759803004e+00 1.661478214e+03 2.907334826e-01 7.487258778e+00 2.401862880e-01  -7.762814849e-02 8.566617571e+01 5.322364709e-02  6172  5397 1
 71298511 2.152452555e+00 1.546451726e+03 8.773918733e-01 3.732331047e+00 -4.199586298e-06 -5.649127659e-06 8.514541155e+01 1.366161969e-01  8777  5006 1
 88479623 9.182068737e-01 1.411810485e+03 7.530431426e-01 5.932772532e+00 4.621222364e-05  -2.525646053e-02 8.647005021e+01 5.660622272e-01  3972  3970 1
250195155 6.476429765e+00 1.438670422e+03 7.627115884e-01 1.167597333e+01 1.305305582e-01  -4.463498134e-02 8.898375141e+01 5.926869857e-01  6670  6712 1
270622446 2.445061509e+00 1.354360211e+03 4.401435582e-01 4.063708933e+00 -4.007695728e-02 -2.611805191e-02 8.068762710e+01 9.874816656e-02 11918  8278 1
404123632 3.365478796e+00 1.660864035e+03 7.706576368e-01 8.256374053e+00 -1.303078445e-06 -1.239687104e-02 8.598484973e+01 5.438228920e-01  6273  6102 1
 66572840 5.757634438e+00 1.411138200e+03 9.119565752e-01 1.389099396e+01 -2.358105814e-06 -1.643178278e-02 8.627626202e+01 7.960464386e-01  6178  6094 1
121420805 1.717032360e+00 1.326230589e+03 1.206664522e+00 5.060503310e+00 1.839255871e-05  -2.664981872e-02 8.185906776e+01 1.409815109e-01  8821  4377 1
142409400 1.386897834e+00 1.491837822e+03 5.277655432e-01 8.093974684e+00 2.493438038e-05  1.116308394e-04  8.523042276e+01 1.527148881e-01  3385  3047 0
350443417 1.216721253e+00 1.492182365e+03 5.084263459e-01 4.491025407e+00 1.705788132e-04  -1.903843014e-02 8.229826423e+01 5.383396823e-02  7919  4907 1
 33834253 3.232461293e+00 1.412821745e+03 9.570704377e-01 4.160166091e+00 1.152151297e-04  -1.908514000e-02 8.363049228e+01 1.698054839e-01  7132  4473 1
166624433 2.482723930e+00 1.600057963e+03 6.269506518e-01 6.993403105e+00 1.465779312e-03  -3.329946188e-02 8.303821220e+01 1.151668641e-01  6551  4683 1
468887783 4.529628627e+00 1.439940980e+03 5.267717795e-01 7.043643519e+00 9.772409912e-02  9.662223801e-02  8.267623719e+01 2.516214217e-01  6688  6474 1
327996089 2.173885926e+00 1.354616390e+03 8.045526665e-01 1.007262661e+01 5.159138179e-04  -2.256777391e-02 8.871460358e+01 5.008768326e-01  4667  4412 1
386166904 1.235539557e+01 1.570226929e+03 8.899752803e-01 1.275206427e+01 -3.040518909e-01 1.953441210e-01  8.559982468e+01 6.528804516e-01  7207  6746 1
396215041 2.830782514e+00 1.654160033e+03 6.370800057e-01 7.574493279e+00 3.116121556e-05  -3.274225942e-03 8.503655152e+01 2.248691090e-01  7152  5903 1
220388567 3.645301837e+00 1.326220865e+03 7.150303527e-01 7.651227172e+00 1.705909775e-05  -1.653154019e-02 8.634258261e+01 4.592422398e-01  6881  6637 1
150443185 2.593646530e+00 1.468754960e+03 1.291442437e+00 6.305847005e+00 -4.515157846e-06 -4.952094801e-03 8.589404573e+01 2.902789130e-01  9878  5274 1
452734608 1.994545787e+00 1.571165629e+03 6.615664374e-01 3.380245910e+00 1.418271290e-05  4.584121337e-03  8.678949204e+01 5.823041635e-02  6111  3779 0
399253092 8.721037430e+00 1.570822017e+03 6.079840610e-01 1.166200949e+01 8.148024228e-03  4.604360266e-02  8.748129866e+01 3.662486246e-01  6560  6540 1
  7211118 1.446254059e+00 1.492560066e+03 4.888778808e-01 4.337821572e+00 3.809480403e-04  -4.755146086e-03 8.998476161e+01 6.591765056e-02  6576  4632 1
287351976 1.921951404e+00 1.439545235e+03 1.021156686e+00 4.374054425e+00 -2.176789536e-05 -2.218088629e-02 7.957384989e+01 1.772952054e-01  7763  4626 1
142262969 1.551338881e+01 1.573344318e+03 6.918272794e-01 1.767997992e+01 -2.869347341e-01 2.822136849e-01  8.864207557e+01 4.892959259e-01  6574  6622 0
 63785934 1.470106928e+00 1.386875378e+03 3.217911520e-01 3.714917869e+00 3.903249500e-04  -2.693110890e-04 8.218074716e+01 1.699221811e-02  6315  4036 1
 14307980 8.974222531e-01 1.518125767e+03 1.080839883e+00 6.119794350e+00 1.279892287e-03  -3.293579039e-03 8.731527741e+01 1.209038446e+00  4623  4659 1
270371961 2.368178477e+00 1.412798040e+03 4.810501657e-01 6.811520303e+00 -2.010330841e-03 -5.634022797e-02 8.356852168e+01 3.419015024e-02  8018  4570 1
308851582 4.912425719e+00 1.547609964e+03 4.402809432e-01 1.459373717e+01 6.648412089e-04  -5.939272335e-03 8.825437211e+01 1.992957817e-02  6092  3582 1
403153647 5.337952686e+00 1.326840368e+03 5.545337606e-01 8.707505827e+00 5.479753130e-02  1.225015036e-02  8.420133418e+01 1.191085044e-01  8207  5933 1
 41896812 1.260835657e+00 1.386385871e+03 5.587642527e-01 3.416563403e+00 2.238679665e-03  -4.587818596e-02 8.287923753e+01 4.693588506e-02  5936  3800 1
438942374 1.709128511e+00 1.570251261e+03 4.233623093e-01 7.024508060e+00 3.893369994e-04  -9.019342764e-02 8.243422193e+01 8.254119381e-02  4952  4172 1
 35744583 2.069248107e+00 1.410997147e+03 3.384676770e-01 1.026388248e+01 -1.118378688e-03 -1.670106893e-01 8.543844316e+01 2.726696060e-02  4030  3066 1
211215485 1.701432754e+00 1.658922368e+03 1.464088622e+00 5.098772860e+00 -1.974136194e-04 -1.097060921e-02 8.201544748e+01 1.973143120e+00  6468  6297 0
206556127 2.211005227e+00 1.325311754e+03 5.969364949e-01 9.896037649e+00 2.974217649e-04  -4.689724895e-02 8.497892946e+01 2.949959964e-01  3832  3687 1
389476160 1.628764785e+00 1.325771445e+03 1.179007081e+00 7.376058715e+00 -2.451837234e-04 1.716895799e-03  8.781969959e+01 1.102136617e+00  5460  5139 1
 33689349 3.497788949e+00 1.470365596e+03 5.100018484e-01 7.605508264e+00 1.479065918e-03  1.438920836e-02  8.734699919e+01 1.358817314e-01  6812  5570 1
396170777 6.565695733e+00 1.654200346e+03 3.799461325e-01 7.272747889e+00 -5.989225556e-03 -7.867742101e-02 8.789828169e+01 1.341935844e-01  6194  6055 0
156241056 1.780166541e+00 1.469565370e+03 6.616974114e-01 5.473247754e+00 -2.200621366e-04 -1.248271618e-02 8.514629933e+01 3.561359857e-01  7040  6566 1
270648838 7.634982536e+00 1.521764106e+03 9.070609158e-01 2.298816953e+01 4.591185129e-02  2.841707082e-02  8.916422478e+01 4.578294543e-01  5438  4706 1
219222201 2.383249512e+00 1.440344563e+03 7.294710781e-01 5.133885756e+00 1.010597959e-07  -1.498742172e-02 8.082452624e+01 4.755230988e-01  7390  7106 1
 74528318 4.670086839e+00 1.548140636e+03 8.171431219e-01 1.127569624e+01 1.201244431e-01  9.864933680e-02  8.981689298e+01 3.220875328e-01  9932  7238 1
  2020964 5.884202323e+00 1.522244876e+03 6.529054352e-01 5.976190517e+00 -1.704408713e-04 1.885839589e-03  8.715018110e+01 4.775802366e-01  6019  6235 1
 48372732 1.095573093e+00 1.544490905e+03 7.194480973e-01 4.082236114e+00 2.764213156e-06  -3.277836763e-02 7.809154399e+01 2.618750529e-01  6598  5380 1
139701741 2.630390409e+00 1.438760605e+03 7.598691493e-01 4.044491010e+00 -6.685338100e-06 -3.022249699e-02 8.983090338e+01 1.216754884e-01  7161  4614 1
387544749 2.818687708e+00 1.411743051e+03 5.497171099e-01 1.349580927e+01 1.148201778e-04  -8.300181450e-02 8.576650297e+01 1.231851286e-01  3711  3138 0
371839073 3.796261272e+00 1.655191709e+03 3.170658491e-01 8.157531058e+00 -3.423885053e-04 9.648688535e-02  8.496142598e+01 1.005420770e-02  6064  3552 1
322493523 1.532319314e+00 1.354480063e+03 5.783329989e-01 5.411362618e+00 -3.149554591e-05 -2.820896553e-02 8.130697058e+01 1.122473170e-01  6349  4725 1
215336287 2.592305052e+00 1.412929906e+03 6.096879316e-01 4.565957977e+00 -6.919514893e-05 -9.260596218e-02 8.630981195e+01 3.170182609e-02  7249  3835 1
100029948 2.777565834e+00 1.387504373e+03 7.723004424e-01 9.902474309e+00 5.476831140e-05  -3.070268365e-03 8.879642441e+01 4.024415901e-01  5593  5045 1
327785134 2.478679548e+00 1.655912933e+03 3.931717089e-01 4.961919525e+00 7.127783165e-04  -8.883868646e-03 8.627964930e+01 6.207563680e-02  5918  4675 1
398221405 2.109016098e+00 1.518889773e+03 3.504872002e-01 1.181059532e+01 1.478172508e-03  2.321473323e-02  8.804768056e+01 4.286913221e-02  3271  2762 1
234491752 8.658400316e-01 1.354512212e+03 6.146517762e-01 2.888735626e+00 7.292622008e-04  -1.797047364e-02 7.605210146e+01 1.041961380e-01  6879  4775 1
126944775 2.695919031e+00 1.326897092e+03 7.332658124e-01 6.074485370e+00 1.301042870e-04  -1.067775451e-02 8.566664492e+01 5.046939050e-01  7524  7357 1
  9945183 1.557597096e+00 1.411741752e+03 1.058448359e+00 4.722054536e+00 -1.413264243e-05 -7.533811814e-03 8.487557518e+01 2.348754361e-01  5819  4017 0
369362290 2.112292016e+00 1.412533907e+03 8.712442510e-01 3.474231534e+00 8.967324659e-05  -2.915951547e-03 8.149656105e+01 1.205066976e-01 10200  5224 1
160065970 1.368186201e+00 1.355330381e+03 4.394525995e-01 5.044944004e+00 -2.119872461e-04 -1.031515073e-02 8.478797394e+01 2.681083024e-02  5803  3682 1
124950413 5.790720766e+00 1.491703155e+03 3.884538231e-01 1.376994116e+01 8.755709933e-06  -1.015507108e-01 8.748756483e+01 2.311305481e-02  3379  2518 1
 66602813 2.764082172e+00 1.493917801e+03 7.172238866e-01 8.940650810e+00 -1.090667990e-04 -4.769307319e-04 8.875641173e+01 2.518869063e-01  6353  5176 1
144000467 8.882907211e+00 1.333294370e+03 5.296928411e-01 1.577253728e+01 -1.517226659e-01 3.806900988e-02  8.747985642e+01 1.519944429e-01  5804  4936 1
169532543 9.154309214e-01 1.438647739e+03 6.426894142e-01 2.560752687e+00 2.373202531e-04  -4.101350001e-02 7.854644594e+01 6.798653203e-02  7894  4639 1
153742549 6.070533010e+00 1.442259656e+03 4.967926360e-01 9.771924439e+00 1.689565096e-04  -4.094642166e-02 8.492611306e+01 1.678306060e-01  5820  5234 1
 34236395 8.793928282e-01 1.438342253e+03 9.909988199e-01 5.083841574e+00 -1.278512333e-05 -7.484758559e-03 8.998883233e+01 8.867624530e-01  4894  4778 1
 30034081 4.689181915e+00 1.439690062e+03 1.061373177e+00 1.033291558e+01 -9.099225854e-05 -1.098989617e-02 8.965608193e+01 1.133751875e+00  6398  6412 1
164681172 4.905287314e+00 1.388203281e+03 5.772377010e-01 1.341475830e+01 -1.219656447e-05 -2.051334682e-02 8.791502169e+01 8.432076179e-02  5692  4114 1
231093356 3.470342148e+00 1.602676821e+03 7.793788955e-01 8.841920807e+00 6.670048358e-05  -1.440131023e-02 8.843218512e+01 6.071787949e-01  6003  6002 1
 49677785 1.594227052e+00 1.354231541e+03 5.486328382e-01 2.916431256e+00 1.463216330e-03  -1.101342169e-01 7.286710776e+01 3.397168825e-02  7746  4230 1
126945917 1.341065164e+00 1.326291948e+03 6.014415210e-01 3.062852205e+00 5.654156397e-04  7.152432712e-03  8.797723815e+01 1.193371925e-01  7879  5496 1
220042007 1.838109904e+00 1.438625889e+03 5.984713419e-01 3.237134089e+00 1.974809152e-04  -4.673397930e-03 8.640327243e+01 1.201391788e-01  9335  6182 1
 58466459 3.871483776e+00 1.571630654e+03 3.627463337e-01 9.081010093e+00 -5.336181252e-03 -5.876990350e-02 8.456859302e+01 5.948863376e-02  6791  5343 1
129888462 7.224080727e-01 1.410899832e+03 7.031400726e-01 2.943856925e+00 -9.650137531e-05 -4.257904201e-03 7.962287535e+01 1.280266505e-01  6724  4636 1
308991822 8.224391488e+00 1.550232172e+03 5.110459384e-01 1.709373934e+01 3.231278148e-03  -8.556508854e-03 8.823297392e+01 6.618506810e-02  6161  4352 1
117544915 2.968526625e+00 1.327322652e+03 1.174113774e+00 6.673737350e+00 8.538375743e-05  -8.340863643e-03 8.775939460e+01 1.335024644e+00  6608  6538 1
361388647 9.817398067e-01 1.600817787e+03 6.463559541e-01 3.243394626e+00 1.905329245e-03  -9.840639898e-04 7.635127172e+01 1.352998158e-01  3117  2626 1
415873588 3.491029180e+00 1.572206550e+03 1.030036184e+00 6.794464014e+00 1.106174951e-07  -8.697007700e-03 8.749242562e+01 1.079940616e+00  6350  6386 1
146761368 1.835417192e+00 1.411753677e+03 4.029249463e-01 3.635699238e+00 -9.625386207e-06 -4.880269649e-02 7.436222213e+01 1.008467579e-01  6597  5693 0
279087522 4.240723645e+00 1.519476082e+03 1.156468589e+00 1.169927729e+01 -1.813856965e-05 -1.028192868e-02 8.510797064e+01 1.254112257e+00 10187  9812 1
 37606218 7.839473762e+00 1.469608819e+03 3.062587812e-01 2.164241268e+01 6.562936808e-02  -4.996869102e-01 8.904317726e+01 4.046566757e-03  6306  3118 1
 91542943 5.326752788e+00 1.412433085e+03 7.074797963e-01 2.134430585e+01 1.008052226e-05  -9.449140875e-03 8.932581602e+01 3.724384455e-01  3080  2937 1
279569707 3.979404817e+00 1.495386559e+03 2.808546221e-01 6.143192458e+00 1.070764304e-04  -9.623403979e-03 8.353567392e+01 1.336200080e-02  7801  4636 0
349835367 3.340820229e+00 1.439292042e+03 1.013206835e+00 4.482437110e+00 3.695607892e-03  -1.386811499e-02 7.962119320e+01 1.292596480e-01  8252  4482 1
 12158853 1.262389423e+00 1.468289914e+03 5.895422793e-01 9.193843742e+00 2.394312878e-04  -3.472059190e-02 8.539835543e+01 2.997679025e-01  3405  3314 1
306981513 5.537921249e+00 1.628470380e+03 3.073653976e-01 6.681164079e+00 -1.368451718e-03 -4.281203945e-02 8.385355436e+01 5.962601980e-02  5208  4665 1
390996644 1.919426691e+00 1.659069405e+03 8.178420644e-01 5.360457348e+00 1.785932571e-01  -1.175303253e-01 8.903046166e+01 5.236769584e-01  8865  7983 1
 20176492 2.221284514e+00 1.439828781e+03 7.058347390e-01 3.442932675e+00 -4.899837429e-06 4.455487017e-03  8.654124430e+01 1.122087341e-01  6796  4525 1
270204401 2.238157244e+00 1.654934185e+03 4.010704749e-01 5.350094982e+00 -1.242570332e-03 -5.399832997e-04 8.774202535e+01 2.220602230e-02  9094  4800 1
  7695666 1.755313263e+01 1.411690190e+03 7.236965958e-01 2.154631079e+01 -5.570177428e-01 7.526052144e-02  8.879511608e+01 5.194208953e-01  5961  5946 1
245863693 1.077401754e+00 1.439004085e+03 1.028101858e+00 6.400725403e+00 -2.466871931e-04 -1.515239909e-02 8.525843344e+01 5.863648370e-01  5614  4830 1
290547036 9.031481831e-01 1.325883423e+03 1.204799830e+00 3.708982684e+00 -1.233050043e-05 -1.676789201e-02 7.751273072e+01 3.422510582e-01  6131  4272 1
231851620 3.716889387e+00 1.355669390e+03 3.101670405e-01 5.797213478e+00 -9.896786541e-02 -1.439048431e-02 8.417313404e+01 2.194653485e-02  7764  4951 1
 91638523 3.166454535e+00 1.386685174e+03 2.933327331e-01 5.541512906e+00 6.026154956e-04  -9.668020423e-03 8.522563056e+01 1.195844209e-02  6248  3871 1
261656371 7.195643235e+00 1.330040108e+03 9.728325513e-01 1.331339646e+01 1.703562202e-01  1.135458031e-01  8.882253899e+01 9.466081244e-01  5963  5963 1
272467271 1.347513887e+00 1.601093672e+03 4.498513117e-01 3.647474203e+00 -8.501766249e-05 -4.177128754e-02 7.617181859e+01 4.431620657e-02  7870  4946 1
139721086 8.973737776e+00 1.328362133e+03 1.100401713e+00 2.019616524e+01 1.744492469e-03  2.726690141e-01  8.896569056e+01 1.098808937e+00  5997  5826 1
  3816260 1.312811300e+01 1.390527893e+03 6.811360355e-01 1.887707132e+01 4.715266795e-01  6.879650776e-02  8.710120201e+01 4.308301524e-01  6353  6204 0
437297176 4.396286416e+00 1.574701776e+03 3.868153465e-01 4.976403801e+00 2.741175103e-04  -7.424132987e-02 7.926191643e+01 6.492721303e-02  8264  6175 1
270348090 5.638440122e+00 1.600653501e+03 6.597288606e-01 2.680752087e+01 -3.870140384e-03 1.089752667e-03  8.838409870e+01 4.225382190e-01  3310  3292 0
229808144 1.161048599e+01 1.325733284e+03 2.564245946e-01 1.619302223e+01 -2.602847451e-02 6.892808938e-02  8.709805650e+01 2.778398550e-02  6272  4942 1
118313102 9.255864371e+00 1.546322133e+03 9.228168306e-01 1.409953940e+01 -1.562833465e-01 1.167588347e-01  8.963811932e+01 8.782354699e-01 11184 11391 1
291466214 7.050215894e+00 1.523735032e+03 7.674753855e-01 1.470665909e+01 3.698822826e-05  -2.418955250e-02 8.752468599e+01 4.240548333e-01  7287  6517 1
153166843 1.931700464e+00 1.469478762e+03 8.189586430e-01 6.670660088e+00 2.657906622e-06  -9.294179154e-03 8.823787081e+01 6.793920325e-01  5633  5654 1
 47380518 1.095434735e+00 1.545457440e+03 4.806418938e-01 3.993172094e+00 8.685029716e-04  -2.994296285e-02 8.942491628e+01 5.772773611e-02  5976  4249 1
149861542 3.658606169e+00 1.439714311e+03 7.577185514e-01 7.667568068e+00 1.306677531e-04  -1.810793772e-02 8.435576588e+01 5.426044018e-01  8201  8020 1
141978095 1.283393849e+01 1.609499002e+03 1.111951718e+00 1.384622617e+01 3.246626773e-01  2.249062866e-01  8.799205722e+01 1.282594215e+00  6870  6956 0
 78234838 1.974020283e+00 1.517755432e+03 1.134381082e+00 1.463677932e+01 -5.190487391e-05 -2.154625210e-02 8.624234537e+01 9.347185803e-01  3585  3373 1
129764561 2.434552906e+00 1.386757349e+03 1.197399921e+00 4.788422944e+00 -5.556526862e-04 -1.298050138e-02 8.430463255e+01 2.070097806e-01  8299  4635 1
  3921749 5.611306003e+00 1.388675789e+03 9.401286730e-01 2.342025592e+01 6.601014719e-04  -1.920377638e-02 8.820725835e+01 5.064865066e-01  4175  3717 1
 31810287 4.761538442e+00 1.548558995e+03 5.334471034e-01 1.268930932e+01 1.777156831e-04  -1.021533034e-02 8.769792252e+01 5.283918099e-02  6003  4003 1
259701720 3.972114780e+00 1.468780080e+03 1.406447582e+00 8.538864290e+00 -9.846456406e-02 -3.303846739e-01 8.558429197e+01 3.942584711e-03  7662  2000 1
120414806 2.553070494e+00 1.355954705e+03 1.178070965e+00 5.847675756e+00 -4.963917357e-06 -7.950520610e-03 8.650335939e+01 2.913320399e-01  7870  4897 1
 67807856 3.373455274e+00 1.440408619e+03 2.522162220e-01 4.015969278e+00 6.949523206e-05  -8.240695316e-03 8.646109194e+01 2.679309022e-02  6511  5080 0
253749178 1.837681312e+00 1.659138441e+03 3.347589595e-01 3.312012248e+00 -2.723051298e-05 2.810591360e-01  7.399330713e+01 1.526129543e-01  5958  6569 0
117739806 5.620392448e+00 1.494089080e+03 4.176245554e-01 1.461896683e+01 2.451417503e-04  -1.642403774e-02 8.986328718e+01 1.492457648e-02  6141  3474 1
141622065 2.927934089e+00 1.491734957e+03 4.399843194e-01 4.201955483e+00 3.568247737e-03  -1.376696833e-02 8.370434819e+01 1.709643684e-01  6866  6586 1
401889117 6.586116961e+00 1.412634798e+03 7.021979017e-01 1.805547959e+01 -5.897866400e-03 -2.845214439e-02 8.877525676e+01 3.850773443e-01  5691  5318 1
 11070365 1.803831295e+00 1.492280144e+03 7.044788649e-01 4.814488191e+00 -7.463751473e-04 -7.262495818e-04 8.094645722e+01 4.565034557e-01  3554  3496 0
139732428 6.663700783e+00 1.438431001e+03 6.309250124e-01 1.041725696e+01 3.099398895e-05  -8.668210416e-03 8.651083585e+01 2.462624175e-01  7605  6450 1
 49003142 5.005669978e+00 1.544440746e+03 1.030092462e+00 1.316738727e+01 -1.741361206e-04 -5.876830853e-03 8.614740162e+01 1.028995213e+00  5911  5857 1
347545020 2.780769466e+00 1.413551221e+03 1.075553433e+00 7.083576064e+00 7.037807053e-05  -3.485380361e-03 8.787373423e+01 1.043113523e+00  8318  7981 1
261746657 1.316984363e+00 1.655230657e+03 5.771535085e-01 4.272381852e+00 3.218899349e-04  -7.652824884e-03 8.322166873e+01 1.311432702e-01  6618  5057 1
468958374 1.535213226e+00 1.491809324e+03 8.869131860e-01 4.748070407e+00 1.534095962e-04  -1.189975675e-02 8.999577445e+01 8.038378541e-01  5529  5563 1
158329676 3.067321529e+00 1.545639024e+03 7.798143798e-01 9.624730267e+00 2.140670905e-08  -1.783918063e-02 8.590585007e+01 6.053173828e-01  5897  5888 0
219421171 8.302998276e+00 1.445536111e+03 6.149680416e-01 1.418963143e+01 2.700164345e-02  8.613719343e-02  8.604179942e+01 2.019645010e-01  6930  5686 1
176910080 1.857461103e+00 1.571554259e+03 2.341261517e-01 4.206499094e+00 -1.366606896e-03 -1.904356918e-02 8.303438326e+01 7.153558673e-03  5812  3642 0
441422220 3.700103697e+00 1.328692479e+03 5.200289444e-01 9.655915132e+00 4.750939308e-05  1.324333676e-03  8.886283985e+01 5.701949015e-02  6467  4322 1
234211934 1.064937127e+00 1.468810565e+03 1.416638182e+00 9.875618921e+00 1.625593056e-06  -1.252334521e-02 8.496828855e+01 2.073686623e+00  3948  3975 1
173756896 1.134217321e+01 1.495614112e+03 5.793020043e-01 1.640333144e+01 1.580557900e-01  1.851356983e-01  8.992061897e+01 1.316858975e-01  3529  2991 1
349797905 3.544971847e+00 1.659731376e+03 6.758391019e-01 7.709806088e+00 1.018302795e-04  -1.514665906e-03 8.998197739e+01 1.475002134e-01  9617  6213 1
139148071 7.007892496e-01 1.325599937e+03 5.899659871e-01 2.386551016e+00 1.659450144e-04  -2.132283241e-03 7.277437493e+01 4.779046402e-02  6416  3928 1
373364179 3.747587482e+00 1.438875809e+03 9.918482823e-01 1.485222957e+01 -9.226813270e-07 -2.504481425e-06 8.999233257e+01 8.419685534e-01  4875  4702 1
271864083 2.333322519e+00 1.519456609e+03 5.577018401e-01 4.823067347e+00 -6.844911368e-04 -8.853806019e-02 7.881603308e+01 1.865609696e-01  3434  3133 1
201497357 2.872139652e+00 1.470081782e+03 5.817258982e-01 6.871337520e+00 4.447629266e-04  -1.130753266e-03 8.808701387e+01 1.552735439e-01  7462  5786 1
124282575 4.809934566e+00 1.573261988e+03 8.075969519e-01 1.113786805e+01 1.926411344e-02  7.200814224e-03  8.924875016e+01 5.957975771e-01  6449  6264 1
407824089 1.794541236e+01 1.655350010e+03 5.915501677e-01 2.759051139e+01 -3.788211996e-01 3.744883298e-02  8.910541529e+01 1.785396313e-01  6169  5110 1
